0767927540
0393713946
0978590929
1937661660
1683732677
0060959495
126056567X
1138898589
B08PC9V33V
0691150516
B087D4PLP2
193776110X
1462519431
0471792144
1604078790
1559570431
0393709272
0134893662
0618001816
0190940166
0889375933
0134814568
B003AQ3K4Y
1932740155
091581112X
1982120754
0367503425
1737210819
1462528945
1462538088
0803659164
1337098140
1544373481
0415815894
013423894X
1683732014
1544343248
1118066774
0190640871
1319191746
B01N6EZO0U
0804139903
1684038154
1702785890
1305630041
1607742454
1683733673
0205810462
B002ZJ1V8E
1108447465
0465098835
0393088642
B08LQZDDDS
1683734386
1462541615
B07HJCBXD8
1462533434
1483347745
1401964974
0134203690
1250081203
013603599X
1591472407
B09G8FQR8J
0393705161
1982127333
1538125463
1936128861
125005611X
1544328362
147673514X
069101826X
1936523396
1319107370
0190926937
1635650291
039371280X
1285845226
1462533795
081298515X
0781795044
1319066941
1626252971
131910701X
1637314019
1626250189
0446550124
130509476X
0385341989
0738203610
1305501039
0826139124
0374533989
B09XFGFKR8
B07Z3LRHJ1
0805031499
1462543758
0134577655
0684846349
0804141185
1958350060
1328587843
0345434854
0966234154
1628458615
0615358853
0060933844
0345442865
0393667707
0465066968
1984825453
0399532714
0190627840
1108450741
B08WZ8XNPJ
1608821870
1936128454
1626259496
0452288592
1683731026
0367483424
1305865782
041569907X
1462543391
1305089618
133761937X
1646116143
B095GG2H7C
1250132258
0140280197
044050838X
B09PW2D15G
0544104404
0525954872
1462530540
0190685972
0738210498
1319058132
0323484115
162315782X
B00CH4RF8M
0446690740
0374534888
0190079975
1138949205
1555978274
0345503422
1623171105
0071785728
1473609305
0979021804
019517805X
1119313848
1462529836
1462510078
0393707458
089214064X
1462537049
1638077525
B01B8KKDWA
1138088617
B004HOEGAA
1948158000
0525570187
0907791689
1933993235
0190070552
1462542999
B081HHBKRB
0134385551
1462524664
0300122233
B07PLRZVTT
013446060X
1888805226
1496366948
0393711528
B08CMYCDJY
146252690X
0197604455
1593850093
1260117103
1119063124
1119246245
1948255928
1593857098
1462549128
0367335190
B094RJGCRH
0702034479
B089FWZH56
0199777543
1433830124
0736918973
1319244882
1577666291
0465092845
113867821X
1945540338
1582703264
1623173876
B097B29W1X
B097B29W1X
0134240227
0199329257
1585624683
1614276757
B08HT86YMS
0802419070
1250799376
0307452425
B0B44DDKDP
0995051208
1319136397
096338211X
1621642194
0367208784
0534536166
0205968066
1260468739
0231197667
B07YYBVDHS
0357622790
0156010755
111927804X
1623174775
B07G7C547H
1462502326
1954920229
1585624675
1305943260
099895800X
1604078901
0062283251
0367548259
1259880885
1605359076
1285464540
0679724699
1506304265
1452217521
1529149266
0358414237
168373081X
034554238X
1626259283
1087735564
1626251797
1982154098
0451166604
014303622X
1444138340
1476792038
B07PJ21V5N
1556204035
1672102103
B07FXR45KT
1138642363
1433829584
0415315743
B01LDO62S0
B0B2HND9Q1
0826135889
1462523021
0609809881
0804795096
B086VTDYMF
1496309626
0134641280
1646042298
1138894761
1433833964
B08TQGG1PT
1626253994
006073132X
1684035120
1324002379
1507507194
1615371524
0939490021
B07D2HZXB4
1305089723
1719641994
1849059993
1401925928
0393304515
B0886LPMMM
1324016272
1337559083
1305088018
0367355302
0375709223
0134893468
0140150706
0593238567
B01B8IRHTE
1537334220
1572247665
0486419568
1260397106
1284184099
039370095X
B088FWWLLF
1319247164
0919123805
1433810689
1119063051
1462527779
0316265934
0199981523
0957792905
1439213216
1138950041
1118980875
B09XZ8693M
0399240071
0471370878
0964596008
1556439695
0465016731
1591471559
0190235586
1641522682
0451497775
0465098819
0553386344
1337563455
1541699807
1319190774
0738610178
B09GQRCW65
067972110X
1464106010
B00MH43RWK
1462543111
B09SNV8G75
039370713X
0451499603
B00CCY92WO
0393706133
1119700299
0345336569
0134805720
0393353664
1683734742
0738215244
B0B57GRQ99
0986370819
1464144184
1544359748
1423216601
0134816420
0393703274
0971453225
1626251398
0919123112
041562696X
1439191263
0440506751
0367256657
0061336467
1506383866
1319107389
1937612899
1696742382
1483349764
1305639995
1138830070
0830844953
1551526433
1683732952
0465038352
0995694966
B003VXI8DO
0465071732
1623173493
0452266556
1506386253
032398813X
019933501X
1786499878
1630512079
0544002237
B09B2BWJD2
1506357350
B074JKZBZM
1617230154
0063062100
1138828971
128508358X
0394718747
1635500737
1401308686
036782020X
B0B4V7M58H
0316418528
0465024335
1999638417
1988617049
9491882163
B08FXRR4HV
1496345495
0262045354
1119218683
0375704051
B089B5VXQ7
1462547044
0547248237
1462545068
0440506727
113868211X
0197522572
3319725130
1622034112
1259708799
1119241987
0826131166
B099TFDXDN
178592785X
8466667857
0738216933
0141980036
1788163710
1683732219
0393617548
1319220983
1416587098
047002397X
0995063400
0393713105
0684825503
B00H8QSIFS
1462527914
1544384556
0691229198
0830828575
1611808316
0393710726
1544399200
0415872030
0830828605
1591842425
1559570369
1683371895
0393700984
1462546986
0367494574
B089X7XRD3
1572304626
0393710483
0826131670
0134384776
0415800684
0521149053
B08YXXH4CK
0307459667
1433823810
1593853726
B08618K4FS
0190247630
1119063094
0357670655
B07GVN2NRC
1732952264
1541698991
1789505755
1684224128
1118136713
0812693760
B08SZRMMZ2
1524747556
0316362654
1285734556
1119193060
1496346122
0451495543
1492647861
1464154074
0593435575
019069002X
1845290577
0891124578
1119491711
0674744438
B00FED5ZSA
0393701522
1462523463
0143109782
0440506492
146251166X
1734460822
1626253579
1538129892
1681253038
1543183182
1285095057
1305087313
1137464097
1119073189
1421443589
B00I9IGP68
0310511402
B07PQTT7B4
1319015883
006173232X
0393706451
0830828591
0029290406
0691150478
0141996471
B08VJKRQPZ
1683732294
0751542954
0128111763
B09W75V9DV
1932740112
B07T8JVH3B
0826182488
1259870510
1585624667
1544309694
1638784760
0818403128
1535280344
0393644693
0999609998
1626250618
0738220086
0131991337
B09HZ6VL49
1462514383
0134163745
0367199394
1462544185
1462532667
B0B4SPLVV1
0393702863
1119504791
B09PMLFJGP
1684034558
1319015859
141430014X
1684036437
1118121015
1615370781
B08D3J8MRL
097634551X
B08ZGNB6DQ
B00C9QZ9HC
1585624438
1643137999
0786409134
B08ZT82RH6
1580056229
0393702820
0593137043
B0735RBP4R
1734516224
0547520190
1591794188
0142180467
1119063159
0071790950
1462531938
1408711737
B09LWQ545F
1683732235
0446504130
1615370536
0415606136
172748424X
1578636590
1138668389
1118414756
1615373632
1681252457
B07PQTXQDR
0970352549
0357365216
1591473837
0393706400
0307739635
1942197241
1337098132
1452226245
1285736168
0440506387
1138860263
0826106978
0393707598
0199995486
0940322668
1684036860
1138655325
1319190804
0815365667
0195115015
1319122620
0307947432
8461591704
1683640470
1681193612
1401964230
1462545556
0578648083
1119230683
0803957998
0062229265
0415417333
0190228482
0425213897
0684813211
1472439058
1683733886
0399536485
0465051367
1570623139
1684428556
1462547664
1462532756
1118368215
1544355947
0691006768
0945856644
1305087275
1305861868
0826165559
0443067295
1646116313
1975161181
046508141X
1732638101
0205258158
154435973X
1400052181
0060889667
0316481203
9283245083
0692901159
1423218639
B071S4VVHZ
0803668279
1090349521
B08F5LCB91
111948474X
099904530X
0190643560
0803661134
1284197565
1451187947
171964182X
9283245008
B09YS5NLX5
9283244990
0134255461
0521885884
1118553985
1284108198
0195141628
1440842809
152479919X
1940091055
161537230X
B07PHMMCTZ
0195341880
0195167015
019068321X
0927978628
0199365067
0879698667
1608318044
1284211177
0128499052
1483365247
0071345442
1260455327
1433805618
0135085071
0615507670
1284206513
B07WVDFVJS
0132574950
1119558352
0702074934
0128153776
0226816389
0984616667
0486671356
0226104036
0803628285
0139642625
1555817270
1452282005
1733887423
1284252140
1930513690
B012TSUMDK
0309154006
0309453046
0128161590
1609181425
0307477436
1138343242
1284157539
1284094383
0763786772
B097W1TBF7
B00EZU4H3M
0415903874
0803639163
0674436539
0593421353
1591473624
1591477433
1328553493
0521008867
B0001O356G
0128153059
1284115194
1412974461
1620700697
0395393914
1853431397
111802186X
0815113978
0789015080
1953847005
1284127664
0871540053
0803646577
0801878136
B076DBRGXW
0826155537
0367497824
0323695914
1466553472
1588380890
1491975199
0879697083
0367177757
B008XMDA36
0983878404
0471918814
B00918NHPM
0781797683
0128047291
1466555645
3850682242
0195176332
0060006641
1452216851
1691922781
0999435108
9811215235
0387300597
0826126588
B000PWQNDQ
1405167289
B0832ZXNG4
1119423643
1119523885
0367575027
1119167817
1691921408
038795399X
1284175464
0472035061
0367772442
0190467657
0470183144
1461413524
0471982962
0865428719
B008BA6GEA
0923568964
1936523175
1473997119
0761918051
0955917751
1446208931
0520212819
0716744457
0801871972
0131716409
1681628384
0323680437
0128104821
1911510630
0593330838
1610023668
1449623948
019934356X
0199989648
019538573X
0197533647
1934465143
0367657767
0816651612
1455740667
0226816273
1594772827
0803955405
B07QV19LYP
146960972X
1421416921
1919648968
0521534070
0143119621
1412978289
1462520251
1118800966
1418049301
0323041078
1599473496
0761903437
0803983468
154164414X
1930624646
B00UVBH97U
1956071008
0470057246
1734420723
0226103897
1641770465
030966960X
0080448666
0195174992
1550092073
0781782104
0803660413
0803629494
0735217505
0736093400
0198526628
0764544802
0412276305
1119992028
0974917818
1593853025
0763734446
1138592501
150403290X
0195141768
0128042176
0761907475
0763778052
1524743046
0226288463
B07D4RQ493
0321194365
1557982732
1594574707
9241547073
B098BGBYFW
B01MQROLO9
0128162422
0826170064
B085S8ZQDG
B08WZHBNKD
194464833X
1603588191
1432786067
0471727814
142142620X
0028614496
B001GQ39E6
0471754994
0412253402
B08H5TQ62X
1555423892
1908586079
B0089VZ3YU
0071498486
006073440X
1550598759
0761914986
0472033352
B08RLKXVL5
0822328119
1484893417
B00GHJK5PS
1138199117
0892819251
B09934BSVZ
0197512534
B005OYKNJK
0415928354
1580405312
1452225230
0128244909
1405135123
1848601891
1138034231
B07C6K99N8
0128006870
1498748449
1947718916
0763754439
111962214X
0521888697
1985890186
0671038680
0128142103
B00C705UT2
0335244734
1941711294
B00918SEE6
1452241333
0844259853
0387947663
0521540232
0313391971
0761925791
B09C6S784W
0801847575
0123820081
0965647625
B00YFRD4NE
076377507X
B00E257X40
1494308479
0873529863
128403464X
1901346722
0750673559
3662521571
1416040021
1848552246
B009C18AUA
1845400410
0879695838
B004XWEODA
B09JYKGQ4F
0316356360
0702041947
B000PC6CCS
1032339586
9197647829
2940411441
B0073F6VUI
1593854064
981279039X
0470474262
0878930949
0761925805
0836232895
B073WCJ5V5
1526424290
0199778590
1603292632
1516518667
1557987904
0226065650
1441915850
0195392035
0195387880
0137137486
007802255X
0803970390
1557988919
0316542229
0160797314
1405132663
0195187415
B0895ZCT8K
0822370891
145111561X
B00CB2MKDA
1118742249
B07994X26P
1412971098
B01NB0HY9W
019854040X
0971252904
0367330962
1726273679
0761908196
1350035599
1412979595
1903378117
1412997801
1455748013
B005D7EUBA
0226041328
0471143421
0471499757
082619396X
B004YES8TI
0393322254
032326171X
B08HN9CTQN
B08HV6SDTG
0199731780
0803937938
0226065839
1453759409
0323358810
0763729272
067466986X
0340691530
0881675660
0155625128
0674975901
0140514899
069100692X
0670706965
0763738786
0201339854
0190918519
0727902229
1405195673
0226213102
1579474039
B000TUB50A
0761912517
0761959742
B01IIGOHT2
B00TUY559S
0803913710
0230341713
0367469928
0966183118
0849326923
0803935226
B008N0OFSM
0128150009
B075GZ93WJ
0375412751
1284029581
0767417526
B00AAQ4IUM
0849394619
3764362480
0717807495
0071435093
0465082106
007159034X
1447168143
145119174X
1557981949
B08XYFNRFM
0801857090
B00B4V6KLM
B06XGD1TCX
019530523X
B00U6IMOLY
0471489867
1119524644
B01DM25IE0
0071363998
B00KSF7E6A
0857021354
B00DR7BHLE
0072985437
B0794J2WS1
B091MDCNSW
1857756584
B01CISTSL8
0415092612
0072972904
184920781X
B078NCH8WX
B0058RXL8S
0838563295
1284079651
0316757764
0470870400
0395718104
141297853X
B003FK5Q4W
0321081897
0781745241
1119401305
B003BMBFC6
1910749109
1557534322
0521614805
B00C5MX3DC
0471901555
B00F53OOZE
0683307452
022663504X
0226481255
0399137491
0727916092
1633881547
0702034762
B07G44S9J6
030025962X
0881632457
1936523302
0873522974
1603290257
0195165675
173127789X
0226770877
B08CS4F5C5
9275115052
1260463281
0761920757
0643106731
078178817X
193062445X
1930624476
1905177488
B003ID7A18
146655343X
1559708190
0520032950
0470699515
0226060640
0781795060
0761919783
9283211820
0748404767
0727911392
1592409172
047005817X
1607950065
B002PY7HJQ
6588248008
B07CSZ58ND
0763731366
B07GPTMZGV
0486204006
1565849124
0226098168
0521141079
0071746781
0199990689
0123694523
0128174242
0521581427
0957099304
076192776X
1491081201
0826156940
013018683X
1594774927
0750640650
0125247338
B00H2VF5NC
0226041077
0983463921
0978747399
0961001607
0803604696
0521727685
1425912818
B00HQ12TX2
1935036017
1466554282
0857110667
076191949X
0195158954
1584883251
143380557X
144965035X
0803959400
B00BG5VSF4
B000W7Y8MC
1853157945
0135043948
1400096111
0849326672
B012TB2S0M
0849392780
1138690988
B09ZT6YDMZ
0192629921
B01N90VMZ6
0470658487
1553695542
0884164993
1439867283
B005H6YEAO
0816666873
047139405X
1118013875
8897419712
0834212234
0521564263
0881352683
1583918981
1472295153
0683404474
1557982414
1412924235
0803930011
1446256170
0192627392
0226823377
0646967258
0471420271
0721698077
1446295435
0742543714
0316765996
B018HV07CE
0803639392
188879979X
0750625902
0838562957
0957099320
142143282X
1930624468
0805814221
0443070334
0826116337
0195145097
0750991917
076891079X
1119410835
0632052570
1032065087
111834510X
0632047631
019551744X
0763785156
1412912571
0070328935
1416031421
B07DMW3ZWN
0849397227
0595442536
0470887656
B001CPLF4W
0857113933
B00144GGZO
0761925104
0071590382
0470404809
0974826103
0520214455
0898627885
0945738536
1486308848
0738203084
1032339845
0761924299
0881677671
0786429275
0471143286
B07PFXX9ZZ
0230537367
0853696675
1412980453
B01NH0P6MB
078175819X
B000QCS6AS
B00V22D62E
0813812534
0192624865
1441914536
0761948619
0262536870
0199925194
1451187718
B01KABUY7C
0070235112
0323068545
0471498122
1119106915
0973112026
0802085792
0803950969
0873525655
0128102861
0195150783
080144845X
0387955550
1284029980
0937548707
0750706031
0415871786
0471933228
1584888725
9163113457
0849322871
1884914101
1450289843
B07BH3DPV8
1614997896
B09JCLB1B2
0198530250
1935871102
0190304626
0763734411
1484086112
0787975605
0127624570
1550022768
1580461026
0195219198
0521793890
0262632861
0275952657
0780347382
0763751618
0412542307
0199668795
0803644639
0321596412
B01DBMSKNW
1138071218
1930624379
0738510459
0470844957
0761974288
0309051886
1493718657
036735053X
041570314X
B005UQCXHC
B0813T5VFD
0195108698
0816050317
1498717462
1494305925
B00PJJOLCA
B08K9BJB35
1585620459
0849327172
B07XSD56ZV
1138917613
0803938969
B0114IHU04
0834217589
0471137731
184860193X
1927755301
0335243703
B00CRQWPL2
B009S8ACNK
B000FBFFS6
0853697140
0738206776
3131439319
0029265711
B06Y462TR4
B07L2347F9
B001J54LI2
0199782466
0787965707
1984532340
0393047865
0834206188
B09BW2PRBR
0195134222
0781722187
B071NZKD3B
140518051X
1588293262
0781785626
B01C4V7CFS
0781703328
B008I9VGQ2
B003FK5PYI
0160511844
0309101115
0763771864
0803933649
141290904X
1484893581
0803957726
0985456205
B000VIJ0CA
B01F3EH5QE
1912141116
0761917063
B0014ET368
0763734918
B00HYHBAZG
0761925619
B009AIJBYO
B095XQ24KT
052154985X
B005OLBAJA
0316493538
0803973276
0803970528
B073KYLLHX
B003FK5Q7E
0727914782
B00LBXYKVU
1884585450
0471490660
1118519388
B0083V49ZA
B0018NBQBA
B0030I1XLO
0321883446
B00OD4NB8W
B000OT80M2
B092MLPVJV
0803615256
1588296776
B00OD4YVTK
B008I37B80
B00FFFZ5I2
B000PY3NFU
B005GW1B6O
0939956101
B07SW7ZKN1
081296389X
B08YC7L7DY
B004ZGROYK
0865426538
0199551286
B08GYFV9DQ
B004Q9TARK
B004HD63R0
B004PGPWQC
B07737S8XJ
B07XZLNRVR
1849059497
B002CQTV2I
0195148975
0761913483
1908586044
0674344731
B004UVR8XW
087140849X
B00KHQJ3Y6
B00WNF9UGU
0723407320
B008AHNIGS
B009MABYC2
B000SMHH6K
B00SV4E36E
0761916210
B000PY3QZW
052156123X
B0089WJ38Q
3540407634
B00GCDWMPA
0873525604
0340537396
0763772658
B000QCQVE6
078790810X
0345451104
0763738662
B082FNLFDZ
0007157207
0316757802
0226484742
B00H92W8WU
8437066522
B008RKMFTO
0323014232
0763776157
B009L4EA6G
B00MZUVG1U
047128985X
B091F8PKNV
0873529707
B00GTK29T0
1573561657
B00846X46E
B000SK5S36
0521117453
0521832616
0813811295
0801885019
B08KSJGK4L
B008S0JQDG
052165758X
1861564430
1856494977
B00U7R248M
B00HEZZHBG
B00845FT22
0395883164
0781793793
0803927533
8496381587
0803923929
B000SKGVF0
0803971583
B00B4V6LNO
B006XNJEJG
B086K1XB5S
0195063902
B00MNC07TW
B00EUA55JM
0582445256
B003JFKAQC
B086WMGN1Y
0853698333
0867205105
B0818KFKB4
1588299899
0803942451
B00HNSMOFQ
0803607687
0683042726
B00X8EMLZW
B005E7AMNO
B00RZKLRS2
0470023651
0198567081
B01J7G3VH6
0195061942
0071361057
1416025308
007016357X
0727918699
0123813654
B01I155E3I
0470025190
0340741228
097491780X
B00BC9N7JY
B0055BLW6U
076374025X
0727911511
B00UVACVWE
B07DFMNBZT
B004USP8B4
0070123004
B07SMB3GYQ
B07V4W3B17
B00F8JZQAC
0071355073
8126528524
B07DTDJVYX
0195058607
B011MCXX4O
B01A0C7T5G
1494301261
0470147644
1930624441
B07CMQVXRQ
0195320271
0761900675
B0077RMUUC
080395042X
B08S45LTTH
B0793NZDF9
0761924140
0763728799
0897746392
B002M3SHOO
072791099X
0595301304
B000QCQSXK
B00N50NYKU
B00XWV8V9G
B005A4S6Z2
0787976342
0912111410
0471400289
B00YWOQL6C
031200978X
1591472520
B00134Q7XQ
B0793PQBP1
0387953973
0195103718
B001E2G3W2
B003N7MSOS
0881679313
B08MVBYSWZ
B009MABYTK
B00I0UND10
076194933X
0071416374
B016MSO7NE
B0756KD66L
0470519320
0470022744
0195418255
B00A9YGUJM
0873526996
B008EHIFHQ
B017KDX1BE
B08CDY2MC5
B01GG9CKU6
B00VQVKQLA
B00BWWGX4W
B0048EJUP0
B008KZUDGI
0393702634
1490574735
0295991844
B08CZ7DT83
B008VQW4N6
B00L1GLZLK
0595412378
0195058062
1626236003
B00OKUG33E
B014T257D4
B07L6SPV6R
B0105SAZIS
B01FMG3ZKI
0367719169
B075968HP9
1934115231
0415896460
B015P7A2PU
B001936AE2
B007ZQ37A2
B0058FPFC0
B099FK8QJV
B005HF2HHW
007022434X
0415682606
0195144899
0195120361
0470513012
1566634148
0781742714
B001EHE0EA
B000VDKFHE
0761906460
B00GDCAROI
1565938682
0521810973
B01N9D1NJS
B08HX1K7LD
1591470692
B0148FS43W
0761922849
0130223271
B008ICFR8W
B005OLBFHM
0192632698
B08KPG14QX
B001GAQ4OE
B00XAZQENY
0521414539
0761964940
B0051UH7N2
B018IXIGMO
B00QIT4N7S
B00FVTS502
1585281115
B005DB7KBS
185315525X
0226452840
1566634148
0781742714
B001EHE0EA
B000VDKFHE
0761906460
B00GDCAROI
1565938682
0521810973
B01N9D1NJS
B08HX1K7LD
1591470692
B0148FS43W
0761922849
0130223271
B008ICFR8W
B005OLBFHM
B07PZV23T3
B014170NFY
B00FBUMQVU
B07DGJ4LZD
0613497708
1586482424
B073YTQL9G
141603496X
0201633833
0471974439
0787979899
B00JUG7DPU
076680593X
B01FK78A3Q
B084M9468W
1463347480
3540674667
193766127X
1550090771
B007RGR094
1444737740
1861560974
B07KPJSRHW
0613181980
B00F5V3W2M
B001VNCG52
0841234620
1579477720
1118232828
B07RZLMDPY
B01JXNR5JI
B085RC23KX
0070431469
B01GJQR60U
0824790308
B00CQ2YORA
0195138279
B003ZK5EQM
1555813593
B00D59G9SU
B001UQ6WPK
B07NZ5F5SK
0768910803
B01H5L28CO
B000VZQXA0
B00NHO9NSQ
B011MF2RAW
B004XZG1KG
0309045290
0954463617
0763746894
0761901981
0803927614
1574771310
B0185JFWN2
B00USC6SWE
1484054563
B086R8B7YT
0863777414
0721603262
0803979177
0853698805
0470863625
0323028535
1907313338
B07S2SZPC3
1446253082
0195122976
B0044R7EG8
0761922105
B00UVA6RR4
047002450X
0312166907
B006ORZ2J2
1405139765
0199218250
074324933X
B00UVBIAZA
0826413986
B00F53IZOK
B085YDYBP9
1518720730
0470046082
0813805198
0763760447
B004123D16
B001KW08J0
013159933X
B00KTOUP3O
B0086XJCN4
B07WDLWWBL
0763715697
087891787X
0471163864
0803937202
0316152498
B000QCS62Q
080395803X
1489553347
B09NL4JG5Q
B00A9YGP5Q
B00741CJRA
047113404X
0763731706
B00AQ169BM
9812790403
0736001484
1499500475
B00FBON8H2
0761963928
B01FEPSKN4
0897749898
B004QZBBYE
1419618652
8495052229
0335208207
1405178884
1579660126
0721600298
0697171051
9283211324
0132025655
1935304003
1698034717
149280357X
1405139854
B08NPQ79T7
B008CC0UB2
B001H0FE7Q
0781752159
B007GZP1FQ
0195517466
8184485891
1593570902
0857021362
1729477259
0195035682
B000OI12KU
B0792WNPB7
0470852739
B07XWQCB3R
B0155MLWU4
B00H6E7U1A
B0044R7EF4
0764113623
B005WL9SVE
B0044KLQJ6
1441917411
0745635873
0395644984
B00K1ZCTMG
B00APXDH66
B0989KP5Q1
0230338909
B006FG1I1S
B08YFFQV1C
1588298892
0613997530
B00USZ4V2K
B079461MT5
B000QECINM
B0083DJVOW
B00SC8C6T0
0781725550
0781718600
0761920706
B00YFR5NT2
0761909044
0387988734
0387984720
1441920722
B084C42RQP
B00EJSY6UY
0201613751
B005HR63CU
B09RGZM4QB
1250057833
177723963X
0997250135
0323391656
1570769486
032351023X
0323722008
0911910611
0323554512
161212013X
111934445X
1119346495
0323498302
1570767327
B09GZR76JP
0323443443
1401953506
0702027685
1119513170
0323227937
1524744069
0702052329
1948255529
0998120480
1910677000
0323442641
B0917DYXJZ
0323444504
1986837319
0571161154
145577684X
1612129765
0323294758
1570764727
1570768676
1535247290
B0863TW44K
1979837120
1612129803
1603426922
113312576X
0578308967
0323570143
B0060QM074
0323596150
1592409121
1635860393
0975263153
1570769389
1621871738
0964151855
1705361781
B08SNMCLP4
1423216725
085131905X
1542648238
0323482538
B08HTM6C34
1510741666
1090854811
1591610419
099626065X
1916234003
B095JPFSLW
0345434900
1885106041
B0060QM0DS
0470067853
0965764834
0323595383
0323484352
0323376517
1447225996
1500439177
032331211X
1935660357
1118359984
0323320651
0757320791
1914207068
0323759874
1118990285
0571161162
1635860423
158017535X
0323443370
0323482473
0323709575
0964151847
1437716342
1579543650
1731551061
B09PNW7GXB
032353337X
0323765106
1437726895
1570769451
1603420908
0470958510
0470126795
1455708925
0323354947
0702074632
1118912284
1119557208
0323523498
0323624634
1789241154
1119511755
1118835298
1612120008
B08SD1SQGW
0470959266
0323594964
1709948213
1603425829
B0060QM09M
032324971X
B08HGG363G
0323673120
0813824192
0323546013
1119441838
1570768048
0323763707
1119139589
1640011714
0323570402
1118914287
1570768617
1982964812
1455703060
0323713130
032368145X
0702053228
1119300770
1119460980
172200567X
1957083786
0813813379
0323569048
0323354831
0723434158
1119036542
B08P2C69CH
1119064686
3943116077
1929242247
1944423168
1119028930
0323683681
1118363507
0323484204
0768933722
0323188028
1455776831
1118526236
1119149231
0323763596
0813800765
3899936663
0876055137
0801886562
0983323801
1621871150
0323066194
0813807549
1640011722
1138070157
1119269032
1437703097
1119500508
1612121497
1119286409
1250249694
0813828686
B01MDLZBTL
1405138998
1119233720
1118711114
0895826836
1591610079
1838188606
0323764673
8416818789
1416039694
B091F1C4L7
B09YQYQLKS
0813829712
0702068071
0323172997
B09GD2N7CR
0323029981
1416000283
0702057355
0851319831
B09YBM8QQF
0323442749
1437723640
1797825712
0323312276
0781741483
1119179092
0801668204
1948255014
0813823854
0813801192
0323244858
0323389821
1118509277
1603424636
0323533140
1929242751
0323612075
1119946115
111850139X
B08L16WDBW
8417640878
032344329X
1580177069
0323596576
0064603016
1118854217
0470958553
111925955X
0813820189
1681626365
1119474027
1119466822
1607322188
0323554458
1789246105
0323696112
0323552277
0813806879
0851317693
1119270847
1618350331
1119380383
1498754414
1570767874
B0851LFWRS
B09DMR77SD
0323013295
1603424814
1119660238
1840761520
0882669559
1455746711
0876057407
1119167752
155753943X
0813821495
1119190215
B0991999NP
0702043354
0323080693
B09DF712SL
1118933028
1118689763
1728774187
0124095275
0367146754
1119583373
0323485278
1510741658
157076834X
0911910999
1119555981
1416029265
B09LGQJ7QS
1797653318
0323316956
1305499212
1119465702
0357361474
1604270993
1118985702
0702034827
1583261656
0813812542
0323227740
1659903645
1498796877
0721605559
1119130522
1502785102
B098GVJCYY
1118934598
1646010221
B09F1F7Z6W
1455740837
1724002325
0128029005
0813807387
B08JF29RHF
157954973X
1893441105
B01N0ISEBQ
1910016004
8126549416
0995490007
1912158485
1570769931
1119064813
1119500249
1437706576
0813821797
1437706541
1437723527
0124095429
0345439198
1119267501
1119442540
1905319614
1119036585
1285425529
0721655440
B08CJJJM2W
1844131963
1789180953
1119568013
0330518151
1118824245
1118816129
1580176089
0979053501
0323681638
1416033866
1789242576
081381247X
0470658134
1737591707
0615297013
B09LWFLFS3
0813819938
3132429333
0865719470
1646010728
0323013546
1591610508
0761154124
1451647700
0723432090
032377816X
0702047430
1780643217
111855552X
1912158507
1570760187
0972177035
1944423230
032317292X
1936796007
0323086799
0813816084
1979495653
B08Z9W55CQ
1905319495
1119604044
0852364997
1118741188
0300076193
8494277537
0963239422
032335775X
1119276683
0323680275
184076192X
0876059515
1119764882
0813821649
0984198296
1582451532
0721672752
1437726801
1603424563
B00EDTQOVS
0008466580
1792006195
0813824737
0702052299
1785006215
191045561X
1416048677
1118356373
1119117240
0750688475
0962311413
0309488958
1570767777
B09PMH15NR
1466553472
1455707171
1570767157
B08MK6HF75
B09LGTS164
1119569435
0323186629
B086PTDZP3
1455744565
0702076759
0996260668
1435453875
1138035688
0813819946
0813806976
0671554506
B077NRGQZW
140512749X
1405169524
0375752277
159460729X
0702049433
1899171592
1570768595
1786394553
B08D4VPWSZ
1118341937
1119167809
1072467003
1090516916
B09GJKM8FH
1466555645
081381586X
B07D8XNS6C
0123869196
1591610443
0323413676
1416048898
0470659173
032369442X
111919007X
B0851LXLGJ
0813820537
1118517202
0323096026
0323543960
0997565837
1580171893
1916231233
0882666118
111922554X
1498737706
0813812763
1905319436
1118497066
0323328490
0470068051
0385341474
0813812364
0813803993
849427757X
1118900839
081382012X
111891192X
1416066071
0632064072
0470958243
1905319606
1482246228
0977702707
B079THQTJ9
B09BKB9PSS
1788704452
1119376343
B085RPXBCN
8494282921
1405158239
0367575027
0972919171
1703399412
B08XR97LK1
0813809010
B09RG1NGTH
1470176033
B01K4UNVLK
111911859X
0692560475
1789180147
0813806577
1557537038
1840761466
B01N9WAGLD
1118433289
8431550295
B0955B5SX8
1545601364
0521165148
B0015VEVVC
B093B22JGN
0553375261
1905319169
1119382866
0982730527
0470073381
1119584337
0813810272
3899930185
B06XTP23VZ
1943978387
1118771761
1905319193
1798125153
0875962432
B09VZ7PYQ5
063205137X
0323055788
1886532451
1948366142
194816938X
3899930495
1405168323
1118446178
B084QKY52N
B09M57Y94F
1699594937
1500415677
1119489563
0470670568
B08VYFJS25
1570769621
0385425201
191358609X
1736999508
B0857CG8TJ
1798270412
187807508X
B09DJ4D7JD
0813813948
B08KH3S3JJ
1437708501
1913586022
1405100079
1118401069
1118409736
0813821169
189917124X
1945783001
1580174353
0632055529
1111139008
0128053062
0198841337
1684460263
1107699347
B074N3R2YG
1119187214
3899930525
157857000X
1599211785
143770798X
B09ZCVNRP9
0367893428
B09V3WCFYF
B06WVKT7BT
1570767912
0956316840
1119221250
0933316666
1410799832
155643295X
1797652915
0470963026
B08P3QTHCH
1905319150
1797969463
B00R04B2IS
B084QD6C9T
1944423265
1910455040
0670037680
1591610478
1977939341
B0B14N23TF
0813822645
1797048244
1426219652
0964614308
1603424598
B08NF2QMQ8
0911311726
B01EUQG83C
1466381957
0702029386
1591610206
1797730991
B018RRVLNW
B09DN16SBX
0750688122
1789180023
B093WMPR66
1482260204
B084QLMCY7
0702029300
0123919096
B0B52GDDSJ
190531941X
0980634806
1953294227
1118988973
0312606397
0721694993
0702029289
B095GRZRTD
1107025028
0323025757
B08ZQ3NTW3
1944423273
1119278899
B08XKFXS6K
1905319789
1610730143
0813823633
1570766533
0721613322
0691122954
1482225433
1437701736
1119672546
1118288203
0632054980
1482224623
1118428048
1455773972
1285425553
1603420886
1119226228
1119017351
184076001X
1111542791
8445807234
0683049674
1905319797
0961511400
1498774172
0359967272
1509824901
B094CGWQHL
1118802543
1798299070
B07XR6QQN4
111950595X
1629147893
0781796431
B0B1BCW649
111897767X
0738757772
B00R1QXIIC
1845939921
0911910506
0702034223
8494040227
0198787774
0323100791
080142772X
0323032036
1119246776
1681626373
B0922BJJ1X
1580171885
B0959BBZ9S
B006QVJTLI
8416315140
0702027103
1405129905
1435453581
1482242672
B09F1G3WYJ
1780038755
1634919068
1620455811
B007OMFAHK
0470959657
190531969X
0128140437
0738758434
1789240573
0615229077
0470961627
B08H5FM79N
0470959622
B09QF43TFT
B072JTJFCZ
1780038186
0125476655
1905319649
8492569468
8492569859
032331225X
1789180058
0939165481
8492569697
1910443611
1118741757
B076J14NVY
1118346718
1071281429
189917172X
B01LYZLDHT
B085DSR5TX
1797652028
0982103328
B0777BZPLM
0470670754
0952482762
0721694985
0367517574
B097QFKY9G
1699597286
0813819628
B08JVKFNQJ
1118611276
0967225329
1119666856
0470673133
1405145536
096459823X
0470658703
1583261540
1620083914
1119110351
0323088392
B01AV5T5MM
1733468927
1095124706
1119382785
B001QFZDUU
1482225921
B09ZNQ7HK3
1706456786
B08ZLC6B76
1840761725
B08PX94M8S
1913586324
1119220114
B00EJNZGJ4
0323341136
0323086829
1789248787
B0060QM0G0
0323044395
1437722644
0323263135
1905319347
1786393409
081381748X
184076144X
0962100706
032326185X
0702049794
0397584636
070202788X
1903366305
1119941202
1463515464
B091JNLXRV
1416061304
1505316596
0226440095
0873581350
0813823390
B08CJJKG27
B08KZZ2DLW
091191093X
1437702465
0813813530
B094TDWSTY
0470958154
0719840864
0866227318
B08RT4QXCG
1446300994
B01MRKHQAA
0723436932
B009KE8BJ4
032300945X
0323073867
0892817372
0323169309
0905214978
0323171389
0750640693
0851314511
0323341438
B09Y4WBJNC
0997767901
B07WG93V46
0323039898
B0031XYI9W
1437714390
191044300X
B09TGJFYL4
0813820340
0721697267
0813805864
1119125707
1630260541
1580173276
B09FS9ZJWP
111113877X
012811410X
B08GBHDVCX
1570769788
1119698200
1699591814
1119243270
090521479X
0393338126
190531910X
0470960353
1119451833
0997565853
1878576186
0367575787
1118974735
B09RM8WJ3Y
1780647875
1119370132
0683304038
1905319398
1844131947
1786392593
099471744X
0813814324
1449580408
0939674297
1848190751
B08QSDRHZJ
178918164X
0553378546
B09P8L7VBP
0123725003
0979338433
0323047408
B08X65NP11
0764571281
B09PHBV14C
B09KDSYVB9
B086PMNJ11
B08FS7K3VJ
081381183X
1119548977
B0851LKZZ9
B007VJTK4A
1119215811
B0851LLVL7
173488021X
1601730128
1119371163
0974344710
1570764123
0307477436
163026296X
0882660950
1872119875
0323552285
088839490X
081381152X
012814338X
B018UMIC54
1437701523
0813813182
159580031X
1449992676
B00EDQ2EME
8821447847
1425986412
0952304848
B089D3SBHY
1916231225
0470958529
B00DERGQRC
0997565861
1118646541
081381832X
B08JDXBMG6
0813803691
1119036569
0876050046
1686557620
1119047749
0716738635
1861262353
1796241172
1482225204
1577790162
B09MYVWJSN
B0B3HZNCL6
B0722XS3VW
8494277553
B08JJCR4HC
1577790219
1540561453
0702028940
1620081970
B095GLRYNP
1944423117
1789180074
1789242916
0498012786
B009K25626
0813803799
3030683168
B09ZGY927S
111894061X
1539046974
B09FCFWNHP
1646010930
1498727867
B09H9C6K8F
B09B1ZRQBB
0813813042
1405195444
1250012015
1118855825
0813817838
0813810086
8821448371
1773420550
B078T2J8LH
184076161X
1416052348
B09TBFNZ5V
0615438474
1910443808
1905319428
1402710534
1119036666
0323028705
0367537605
B09886KHXY
1720790477
1591610400
B09GR8F9YJ
1905319681
1119350859
1118771923
B085NY9Y43
1728702518
1603424733
B013I1QYSO
B00D0N9MNU
0851319998
B01FVBM8GQ
1498748449
1455722804
0962311499
1603425802
1498749356
0323064825
111827606X
1118356381
1910455601
1119215129
0941451739
1844091120
1437714404
B08R8DKL9L
1908809868
0323055753
8479029900
B0939XCK8J
1603424547
1786392259
1703400259
B08TZHBS8Q
3877065481
1845936752
B00RKUARKG
0813810221
1119073510
8492569387
1416001190
1097972429
0470959495
1789181291
0750652861
0323077900
B00PSSELOU
0851316360
1646010531
0323019269
B00EJNIC2W
1455745553
1612496768
0692190538
173506971X
0962453137
0553577816
0323682995
8480866624
0323089356
B00ENOVQAC
8492569824
0323013171
0965764826
0323169260
1500691348
1844090876
1739983955
1944423028
1119250579
B07X428PSB
0309473233
0323316506
140512606X
145555491X
178918035X
B0054DA5LC
B09CGFXMMF
B077FPDT2P
1977916937
B005GDZLFK
087605551X
1948356007
B093KKGW73
B07S96QJ1R
0781754712
B09HQZF387
1118440781
B00NHNHP96
1416060693
B089QQBHL2
0813820618
1984550470
1910443395
1840761636
6139992419
0758906749
B08LG1M756
3132432830
1118369599
B09ZRQGT5V
0962100730
1437719864
185339503X
1903366917
B08KJXJQT8
0683079859
111955022X
0323044689
1905319290
B0158GBYZA
1118280288
0323017134
075064575X
B006OBJUK0
1455740063
1580173470
0683076701
0323390552
0721693237
B08NWJPJ6S
B00EJOINXE
1929242522
3319412396
1580173462
0801632099
8492569808
1591610184
B087PD9SW5
B08PXFHGH3
0123820081
1798124386
B09H92CX1M
0367778246
0683304615
1444336479
B008EV2V68
B0851MWS57
1437706606
141603661X
1119295300
B01LYEA3UY
1405136952
B00085N33I
1119028531
0367207249
0941451348
0721640230
B07TGFMB7Y
0813822068
8492569395
0738219576
B0044KLQ28
1948169215
1910443700
1913586162
B09WQ7BKZ8
1580173241
081380793X
B077WN8JM9
B00HWVPNSY
1570760454
B073WCJ5V5
0984462023
B00005AAO1
1032095997
B007396XMU
B09B169X66
0723438323
0962453129
1118802705
0309069971
1498775519
B00BG9M31S
140514551X
1557532451
B0078XDDD8
0813814510
0683066641
191045558X
B07SD94GK2
1409183815
B07K29J49W
B005KCYZHW
1797650548
1075302420
B00MMOJ6FW
0721601804
0851316468
0963699601
B09WCLZKKT
0960025928
B081P8SM7J
B09HF4YMCG
B006X0JUWK
B005JJW2PS
B08CJ2XYWT
842001091X
8492569344
1092474129
1498766714
0323019889
1418021032
B00JLBTNUM
B07S469B7T
B08P9NVWJ6
1560534214
1656052164
1674748973
B09LZZKMQJ
B08KPXZHZJ
0831780436
0786715243
1734652845
B00873GV9G
0692051058
187208298X
1872119247
B09K4F6MZL
0470655119
0715303309
1416057021
1594869871
1510722513
8416315450
0905214765
B09K1WTBHG
0702046558
1844132897
1786391651
0781779995
3748247834
111941458X
